200601022213	22 13 40.940	-19.9742 -178.1096 584100	7.2	MW
200601081134	11 34 54.640	36.2752 23.2691 58400	6.7	MW
200601151158	11 58 29.160	-7.8818 122.5790 261700	6.2	MW
200601271658	16 58 54.410	-5.4477 128.1944 403600	7.6	MW
200602021248	12 48 43.880	-17.8306 -178.2842 599600	6.7	MW
200602151010	10 10 00.230	11.5710 122.7270 96000	7.4	MS
200602181559	15 59 23.970	-5.2357 152.1053 56400	6.2	MW
200602241415	14 15 45.640	-18.0392 -179.5267 622900	6.1	MW
200602260308	03 08 28.190	-23.6678 -179.9491 534300	6.4	MW
200603050807	08 07 57.070	-20.2056 -175.5953 210000	6.1	MW
200603070628	06 28 55.660	-14.8460 167.3612 138900	6.2	MW
200603241227	12 27 10.690	-3.2619 143.2138 50400	6.1	MW
200604300817	08 17 35.990	-15.1068 167.3968 134100	6.1	MW
200605031526	15 26 39.960	-20.1631 -174.1449 53500	8.0	MW
200605100242	02 42 55.740	52.6031 -169.2162 54500	6.4	MW
200605161039	10 39 23.760	-31.8438 -179.1549 156000	7.4	MW
200605191444	14 44 26.960	-0.3038 124.8544 58500	6.3	MW
200605221308	13 08 02.160	54.3324 158.4141 190100	6.2	MW
200606020731	07 31 36.930	-20.9450 -178.6247 592000	6.0	MW
200606050050	00 50 31.530	17.9920 119.0750 124000	8.0	MS
200606090558	05 58 28.080	-17.5942 -178.7259 565700	6.1	MW
200606112001	20 01 26.890	33.1954 131.2517 143200	6.4	MW
200606171619	16 19 48.190	13.5800 120.6470 89000	6.7	MS
200606221053	10 53 12.910	45.4156 149.3132 106100	6.0	MW
200606270259	02 59 16.490	-19.9576 -178.2300 574900	6.3	MW
200608072218	22 18 55.540	-15.8406 167.8174 148500	6.8	MW
200608111430	14 30 41.210	18.5391 -101.0697 60400	6.0	MW
200608152353	23 53 47.420	-21.3559 -176.2054 160500	6.1	MW
200608200301	03 01 05.460	49.8631 156.3607 50300	6.0	MW
200608242150	21 50 37.970	51.1751 157.3980 54200	6.5	MW
200608250044	00 44 46.530	-24.3450 -67.0090 184900	6.6	MW
200609090413	04 13 12.710	-7.2509 120.1277 579100	6.3	MW
200609170934	09 34 14.210	-31.7531 -67.1463 142000	6.2	MW
200609220232	02 32 24.600	-26.8454 -63.1147 583000	6.0	MW
200609291308	13 08 26.660	10.8662 -61.7453 55400	6.1	MW
200609301626	16 26 56.440	-15.6073 -73.1677 108300	6.0	MW
200610031803	18 03 15.120	-18.9296 169.0220 169200	6.3	MW
200610181045	10 45 35.490	-15.0950 167.2536 138200	6.4	MW
200611062056	20 56 49.880	-5.4594 146.5801 115000	6.0	MW
200611111510	15 10 31.820	-6.0387 148.5698 53500	6.0	MW
200611130126	01 26 36.370	-26.1608 -63.2916 581900	6.8	MW
200611141421	14 21 00.700	-6.4191 128.0306 336200	6.1	MW
200612010358	03 58 22.080	3.4287 99.1130 206100	6.3	MW
200612032052	20 52 16.600	14.0436 -91.1617 62800	6.0	MW
200612121548	15 48 03.570	3.6975 124.8897 215000	6.3	MW
200612272015	20 15 40.930	-5.7808 154.4580 373500	6.0	MW
200701082052	20 52 21.470	-18.6573 -177.7743 410500	6.3	MW
200701170428	04 28 27.490	-3.2820 139.8843 104900	6.0	MW
200701211733	17 33 00.030	1.0619 126.3884 59700	6.2	MW
200701302137	21 37 50.010	21.1695 144.7656 51700	6.6	MW
200701310315	03 15 55.720	-29.9015 -177.9179 60500	6.5	MW
200703080503	05 03 32.820	29.9560 140.2179 140100	6.1	MW
200703090322	03 22 42.940	43.2267 133.5104 441400	6.0	MW
200704030335	03 35 06.810	36.5173 70.6851 213000	6.2	MW
200704040039	00 39 50.870	-7.1874 156.0808 56700	6.0	MW
200704090224	02 24 30.000	-20.2021 -178.0839 607700	6.0	MW
200704210712	07 12 48.320	-3.5537 151.3511 407800	6.1	MW
200704251334	13 34 16.150	-14.3155 166.8530 67800	6.4	MW
200704291241	12 41 58.650	52.0140 -179.9621 126900	6.2	MW
200705062111	21 11 53.310	-19.4681 -179.3288 678600	6.5	MW
200705062201	22 01 09.590	-19.4789 -179.3014 692100	6.0	MW
200705191719	17 19 29.000	-58.0300 79.8800 650000	6.2	mb
200705271644	16 44 49.000	-2.3400 118.2400 468000	6.4	mb
200705290103	01 03 28.320	-4.5977 151.8587 134300	6.1	MW
200705302022	20 22 13.560	52.1523 157.2167 122300	6.4	MW
200706131929	19 29 46.130	13.7161 -90.5703 66000	6.7	MW
200707060109	01 09 20.360	16.6169 -93.5413 121900	6.1	MW
200707120523	05 23 49.700	-7.9279 -74.3249 152400	6.1	MW
200707161417	14 17 37.740	36.8647 134.8238 349000	6.8	MW
200707211327	13 27 03.950	-8.0859 -71.2071 633700	6.0	MW
200707211534	15 34 52.910	-22.2136 -65.7495 290600	6.4	MW
200708011708	17 08 55.030	-15.6745 167.6986 149500	7.2	MW
200708020321	03 21 47.360	51.3617 -179.9834 53800	6.7	MW
200708081704	17 04 58.000	-6.0890 107.5839 293800	7.5	MW
200708261237	12 37 31.200	-17.4751 -174.3262 128300	6.1	MW
200709031614	16 14 54.390	45.8019 150.0969 100600	6.2	MW
200709061751	17 51 27.170	24.3394 122.2535 58200	6.2	MW
200709131609	16 09 17.210	-3.2096 101.3653 50900	6.0	MW
200709250516	05 16 01.340	-31.0103 -179.9741 417500	6.2	MW
200709281338	13 38 57.640	22.0103 142.7050 253500	7.5	MW
200710050717	07 17 54.260	-25.1987 179.4462 521300	6.5	MW
200710061238	12 38 54.600	18.7612 147.1675 62100	6.1	MW
200710162105	21 05 43.170	-25.7449 179.5019 501200	6.6	MW
200710310330	03 30 18.120	18.9579 145.3795 221900	7.2	MW
200711160313	03 13 00.430	-2.3388 -77.7937 123600	6.8	MW
200711180540	05 40 09.050	-22.6479 -66.2655 216400	6.0	MW
200711190052	00 52 12.680	-21.2118 -178.6727 558900	6.3	MW
200711201252	12 52 59.740	-6.9016 155.7526 53200	6.0	MW
200711220848	08 48 30.510	-5.8110 147.0978 77100	6.8	MW
200711291900	19 00 19.960	14.9946 -61.2236 147300	7.4	MW
200712090728	07 28 20.800	-26.0959 -177.3637 149800	7.8	MW
200712150803	08 03 16.440	-7.6192 127.5146 181000	6.0	MW
200712150939	09 39 54.210	-6.6564 131.1278 65100	6.4	MW
200712160809	08 09 20.020	-22.8877 -70.1289 57000	6.7	MW
200712251404	14 04 35.360	38.5333 142.0124 50100	6.1	MW
200801060514	05 14 21.030	37.2569 22.7037 83800	6.2	MW
200801151752	17 52 16.270	-21.9873 -179.5799 597000	6.5	MW
200801202026	20 26 06.980	2.4312 126.9013 50600	6.1	MW
200802011210	12 10 08.500	-21.5888 -179.3783 626100	6.0	MW
200802121250	12 50 19.710	16.4315 -94.2427 85700	6.5	MW
200802161445	14 45 12.320	-21.3193 -68.3628 131800	6.1	MW
200803222124	21 24 12.110	52.1885 -178.6876 138000	6.2	MW
200803242039	20 39 07.960	-20.0782 -68.9726 120800	6.2	MW
200804091123	11 23 42.190	-20.1839 168.9650 51200	6.3	MW
200804140945	09 45 16.970	-56.0769 -28.0966 112300	6.0	MW
200804182039	20 39 07.790	-17.3916 -179.0091 556200	6.3	MW
200805092151	21 51 31.570	12.5306 143.2648 89200	6.8	MW
200806031620	16 20 52.260	-10.4362 161.3055 92100	6.2	MW
200806061342	13 42 49.060	-7.5592 127.8966 121700	6.0	MW
200806292053	20 53 03.170	45.0955 137.4133 308800	6.0	MW
200807030302	03 02 35.960	-23.5142 -179.7433 562300	6.2	MW
200807050212	02 12 06.070	53.9462 152.8633 646100	7.7	MW
200807080913	09 13 07.620	-15.9861 -71.7482 122600	6.2	MW
200807150326	03 26 36.550	35.9232 27.8040 64900	6.4	MW
200807192239	22 39 52.580	-17.3987 -177.2828 389200	6.4	MW
200807231526	15 26 20.740	39.7959 141.5000 113100	6.8	MW
200808042045	20 45 15.820	-5.9259 130.3051 188500	6.3	MW
200808262100	21 00 36.740	-7.6632 -74.3692 153900	6.4	MW
200808300654	06 54 07.150	-6.1388 147.3734 67600	6.4	MW
200809010400	04 00 39.450	-25.4630 -177.6751 170300	6.0	MW
200809031125	11 25 14.590	-26.8300 -63.1933 570600	6.3	MW
200809081852	18 52 09.040	-13.5186 166.9846 124700	6.9	MW
200809110000	00 00 02.660	1.8873 127.4470 97300	6.6	MW
200810122055	20 55 41.910	-20.1808 -64.9821 357800	6.2	MW
200810161941	19 41 33.100	14.5410 -92.3345 83500	6.7	MW
200810221255	12 55 57.820	-18.4657 -175.4010 234800	6.4	MW
200811021348	13 48 44.700	51.5999 -174.3549 50500	6.1	MW
200811041835	18 35 46.620	-17.1267 168.4540 211300	6.3	MW
200811080750	07 50 01.450	-15.2723 -174.2880 140800	6.0	MW
200811210705	07 05 35.850	-8.9363 159.5404 123400	6.0	MW
200811240903	09 03 00.020	54.2201 154.2934 505300	7.3	MW
200811290559	05 59 15.640	-18.8384 -177.6425 377100	6.0	MW
200812061055	10 55 27.320	-7.4744 124.6985 406300	6.4	MW
200812091728	17 28 59.530	-15.9787 168.1780 226800	6.1	MW
200812101315	13 15 36.670	-12.3700 166.5374 65400	6.0	MW
200812250320	03 20 29.560	5.7760 125.5233 209300	6.3	MW
200901222016	20 16 34.580	-7.3192 128.5587 149500	6.1	MW
200904040531	05 31 57.840	5.1642 127.1919 68900	6.2	MW
200904181918	19 18 01.130	46.0528 151.3971 50800	6.6	MW
200904210526	05 26 11.550	50.7271 155.1883 157200	6.2	MW
200904260006	00 06 54.870	-30.2115 -178.5057 144600	6.1	MW
200905031621	16 21 46.440	14.6199 -91.2025 113900	6.3	MW
200905120126	01 26 27.700	-5.6942 149.5740 99500	6.1	MW
200906120944	09 44 19.590	-17.6819 167.8448 50400	6.0	MW
200906231419	14 19 18.170	-5.2176 153.7075 64100	6.7	MW
200907120612	06 12 47.350	-15.0411 -70.5354 198700	6.1	MW
200908091055	10 55 56.280	33.1474 138.0594 302200	7.1	MW
200908122248	22 48 52.100	32.8133 140.4279 61800	6.6	MW
200908182120	21 20 48.510	-25.9724 -178.2634 276600	6.3	MW
200908280151	01 51 19.860	-7.2021 123.4606 640100	6.9	MW
200909020755	07 55 01.830	-7.7346 107.4109 57800	7.0	MW
200909021800	18 00 10.240	-29.2231 -178.8103 262400	6.1	MW
200909031326	13 26 18.240	31.1797 130.1826 167200	6.2	MW
200909100246	02 46 52.830	48.2646 154.3516 58700	6.0	MW
200909301016	10 16 10.520	-0.7071 99.9678 90200	7.6	MW
200910041058	10 58 00.950	6.6747 123.5053 635000	6.6	MW
200910072141	21 41 14.560	4.0873 122.5378 586800	6.8	MW
200910072218	22 18 53.920	-12.4743 166.3694 59000	7.8	MW
200910120937	09 37 22.620	-12.4752 166.6179 56900	6.2	MW
200910151211	12 11 16.680	-3.1094 139.5205 110000	6.0	MW
200910160952	09 52 52.620	-6.5145 105.2408 54600	6.1	MW
200910221951	19 51 27.600	36.5187 71.0121 188600	6.1	MW
200910241440	14 40 44.770	-6.1165 130.4290 140300	6.9	MW
200910250753	07 53 51.910	-23.0354 -179.1010 413000	6.0	MW
200910291744	17 44 32.110	36.3822 70.7684 213900	6.2	MW
200911091044	10 44 54.780	-17.2674 178.4528 591300	7.3	MW
200911141944	19 44 29.360	-22.9595 -66.5863 214300	6.2	MW
200911220748	07 48 21.070	-17.8225 -178.3704 526800	6.3	MW
200911222247	22 47 27.730	-31.5501 179.5594 434900	6.2	MW
200911281810	18 10 24.350	5.4141 126.3966 66800	6.1	MW
200912090946	09 46 08.460	-22.2196 170.9340 86600	6.4	MW
200912100230	02 30 52.140	53.3987 152.7985 653200	6.3	MW
200912191302	13 02 16.370	23.7932 121.7033 50100	6.4	MW
200912240023	00 23 33.940	42.2375 134.7721 395700	6.3	MW
200912260857	08 57 25.060	-5.4255 131.3236 64900	6.1	MW
201002152151	21 51 48.170	-7.2679 128.7666 134700	6.2	MW
201002180113	01 13 18.420	42.6027 130.6993 573700	6.9	MW
201003041402	14 02 28.850	-13.6248 167.2326 189600	6.5	MW
201003042239	22 39 25.710	-22.2651 -68.4579 108400	6.3	MW
201003080947	09 47 10.580	19.3514 144.7599 446900	6.1	MW
201003140057	00 57 46.160	-1.6485 128.0818 63600	6.5	MW
201003201400	14 00 50.440	-3.3752 152.2786 418900	6.6	MW
201004110940	09 40 29.850	-10.9275 161.1662 54300	6.9	MW
201004112208	22 08 11.320	37.0075 -3.4764 619600	6.3	MW
201004172315	23 15 23.290	-6.6995 147.3038 65900	6.2	MW
201005031027	10 27 45.790	29.6664 141.0129 89600	6.1	MW
201005190415	04 15 42.630	-5.1255 -77.4969 129000	6.0	MW
201005232246	22 46 51.680	-14.0000 -74.4319 102600	6.1	MW
201005241618	16 18 28.810	-8.1152 -71.6412 582100	6.5	MW
201005311951	19 51 47.690	11.2109 93.6519 131600	6.5	MW
201006171306	13 06 51.370	-33.1905 179.7819 211200	6.0	MW
201006240532	05 32 28.410	-5.5532 151.1941 50800	6.2	MW
201006300431	04 31 01.680	-23.2850 179.1797 572800	6.4	MW
201007120011	00 11 20.060	-22.2789 -68.3159 109400	6.2	MW
201007210916	09 16 05.010	3.0029 128.1792 111900	6.1	MW
201007232208	22 08 11.220	6.7113 123.4876 610200	7.3	MW
201007232251	22 51 13.000	6.4232 123.5796 584700	7.7	MW
201007232315	23 15 09.820	6.7403 123.3270 633700	7.5	MW
201007240535	05 35 01.820	6.1711 123.5626 564700	6.6	MW
201007290731	07 31 56.660	6.5583 123.3602 615800	6.6	MW
201008031208	12 08 27.540	1.2978 126.2794 50600	6.3	MW
201008040715	07 15 33.420	-5.5179 146.8594 219700	6.5	MW
201008121154	11 54 15.020	-1.2779 -77.3694 206500	7.1	MW
201008151509	15 09 29.570	-5.7825 148.3752 180800	6.3	MW
201008161935	19 35 48.460	-20.8416 -178.7564 600800	6.2	MW
201009040852	08 52 03.690	-17.4526 -173.9414 64900	6.0	MW
201009081137	11 37 37.700	-20.7545 169.9858 50000	6.3	MW
201009171921	19 21 15.200	36.5352 70.9695 215400	6.2	MW
201010080543	05 43 10.020	2.7637 128.2214 140800	6.2	MW
201011230901	09 01 07.160	-6.0155 148.9780 73000	6.1	MW
201011300324	03 24 41.250	28.3941 139.2390 485000	6.8	MW
201012130114	01 14 42.830	-6.5265 155.6959 144800	6.2	MW
201012151129	11 29 30.930	-7.2664 128.7939 140400	6.0	MW
201012280834	08 34 17.100	-23.4129 -179.7154 550900	6.3	MW
201101010956	09 56 58.460	-26.8513 -63.2373 584300	7.0	MW
201101050646	06 46 15.380	-22.2946 171.6835 123200	6.1	MW
201101122132	21 32 54.550	26.9670 140.0156 524500	6.5	MW
201101182023	20 23 25.570	28.6831 63.9948 79900	7.2	MW
201101240245	02 45 30.500	38.4018 72.8467 101900	6.1	MW
201101310603	06 03 26.330	-21.9987 -175.5367 69300	6.0	MW
201102041353	13 53 46.330	24.6094 94.7347 86500	6.3	MW
201102071953	19 53 42.860	-7.0927 155.3183 414800	6.5	MW
201102101439	14 39 28.200	4.1297 123.0624 532800	6.5	MW
201102101441	14 41 59.580	4.0464 123.0339 531200	6.5	MW
201102121757	17 57 56.170	-20.8515 -175.5845 85900	6.1	MW
201102211057	10 57 51.760	-26.0435 178.4765 551800	6.5	MW
201102251307	13 07 26.980	17.8214 -95.1708 130600	6.0	MW
201103061231	12 31 58.500	-18.2064 -69.5006 114500	6.3	MW
201103061432	14 32 36.940	-56.3864 -27.0253 92000	6.5	MW
201103092124	21 24 52.110	-6.1161 149.7939 51000	6.3	MW
201103101708	17 08 37.320	-6.8567 116.7300 518600	6.6	MW
201104011329	13 29 11.510	35.7317 26.5466 75500	6.1	MW
201104031407	14 07 08.980	-17.6066 -178.5336 547200	6.4	MW
201104071311	13 11 23.430	17.2651 -94.1439 165100	6.7	MW
201104071432	14 32 44.100	38.2513 141.7296 53200	7.1	MW
201104181303	13 03 04.360	-34.2860 179.9433 98100	6.5	MW
201104230416	04 16 55.310	-10.3584 161.2473 85600	6.8	MW
201105132247	22 47 55.340	10.1114 -84.1889 76800	6.0	MW
201105142107	21 07 21.810	36.4257 70.7231 207600	6.0	MW
201106131431	14 31 23.400	2.5446 126.4555 66000	6.4	MW
201106201636	16 36 00.870	-21.7710 -68.3834 126200	6.5	MW
201107290742	07 42 22.560	-23.7284 179.8252 522800	6.7	MW
201108190354	03 54 26.500	-16.5461 -176.8522 405900	6.2	MW
201108241746	17 46 11.560	-7.6203 -74.5380 149300	7.0	MW
201108300657	06 57 41.540	-6.3592 126.7502 467200	6.9	MW
201109010614	06 14 39.900	-12.4548 166.6817 52000	6.0	MW
201109021347	13 47 10.700	-28.4135 -63.1360 592700	6.7	MW
201109030448	04 48 58.780	-56.5611 -26.9231 96300	6.4	MW
201109032255	22 55 35.760	-20.6279 169.7780 136600	7.0	MW
201109051755	17 55 12.930	3.0253 97.9991 106600	6.7	MW
201109151931	19 31 03.160	-21.5930 -179.3240 629000	7.3	MW
201110130316	03 16 32.090	-9.3634 114.5555 63200	6.2	MW
201110210802	08 02 37.620	43.8729 142.5315 189000	6.2	MW
201110270015	00 15 24.420	-17.9419 -179.4302 606000	6.0	MW
201111072235	22 35 25.320	11.6918 -85.7838 177200	6.0	MW
201111080259	02 59 08.670	27.2502 125.7234 228200	6.9	MW
201111221848	18 48 16.290	-15.3083 -65.1634 560300	6.6	MW
201112110147	01 47 25.400	17.9024 -99.9298 65400	6.5	MW
201112110954	09 54 56.480	-56.0490 -28.2135 130600	6.3	MW
201112130752	07 52 12.030	0.0473 123.0631 167400	6.1	MW
201112140504	05 04 57.810	-7.5278 146.8140 128500	7.1	MW
201112260448	04 48 06.170	-16.1120 -173.7235 66900	6.0	MW
201201010527	05 27 55.800	31.4682 138.1834 359700	6.8	MW
201201211847	18 47 13.480	14.9330 -93.1422 63500	6.2	MW
201201240052	00 52 04.760	-24.8986 178.5999 579000	6.3	MW
201202050015	00 15 40.050	-18.9862 168.9728 158800	6.1	MW
201202100147	01 47 33.110	-18.0120 -178.4364 577400	6.0	MW
201202140819	08 19 57.460	-10.3710 161.1898 69300	6.4	MW
201203050746	07 46 09.330	-28.2579 -63.2916 551900	6.1	MW
201203201756	17 56 19.060	-3.8333 140.2630 69200	6.3	MW
201203212215	22 15 05.590	-6.2233 146.0083 117700	6.6	MW
201204061615	16 15 56.200	-4.4789 153.5746 93400	6.1	MW
201204170713	07 13 49.880	-5.5336 147.1250 208200	6.9	MW
201204231736	17 36 21.120	-28.6015 -177.3408 113800	6.0	MW
201204281008	10 08 07.220	-18.7293 -174.6864 132500	6.7	MW
201205141000	10 00 39.800	-17.7968 -69.7926 108700	6.3	MW
201205231502	15 02 27.110	41.3569 142.1267 64100	6.0	MW
201205262148	21 48 09.270	26.9015 140.1681 481600	6.0	MW
201205280507	05 07 23.520	-28.0210 -63.1134 591100	6.7	MW
201206020752	07 52 54.600	-22.1017 -63.6574 539400	6.0	MW
201206071603	16 03 18.520	-15.9117 -72.4723 106700	6.2	MW
201206230434	04 34 53.600	3.0022 97.9116 101900	6.1	MW
201207031036	10 36 15.890	-40.0600 173.6600 239000	6.3	MW
201207060228	02 28 22.550	-14.6567 167.3043 164800	6.4	MW
201207282003	20 03 59.070	-4.6540 153.1678 58800	6.5	MW
201208020938	09 38 31.250	-8.4540 -74.2726 148800	6.0	MW
201208020956	09 56 43.210	-4.6627 153.3404 61100	6.1	MW
201208140259	02 59 38.860	49.7500 145.3057 590700	7.7	MW
201208192241	22 41 50.220	-4.8489 144.6464 80200	6.2	MW
201208261505	15 05 37.160	2.1983 126.8696 90900	6.6	MW
201209090539	05 39 39.410	49.2976 155.6955 54000	6.0	MW
201209301631	16 31 34.070	1.9079 -76.3716 155200	7.2	MW
201210170442	04 42 31.060	4.1791 124.5614 338400	6.0	MW
201211021817	18 17 34.680	9.2350 126.2811 55500	6.1	MW
201211101457	14 57 50.210	-8.9367 -75.0884 128600	6.0	MW
201211141902	19 02 05.690	-29.1789 -71.3863 61500	6.2	MW
201211150920	09 20 21.450	18.1995 -100.5249 57900	6.1	MW
201211161812	18 12 43.260	49.2365 155.6545 50800	6.5	MW
201212071819	18 19 07.880	-38.3574 176.0726 171000	6.3	MW
201212101653	16 53 09.490	-6.4969 129.8684 161500	7.1	MW
201212151930	19 30 03.140	-4.6402 153.0768 58500	6.1	MW
201212212228	22 28 08.080	-14.3591 167.2778 198100	6.7	MW
201302021417	14 17 34.760	42.7847 143.1474 105000	6.9	MW
201302091416	14 16 06.960	1.0345 -77.4620 144200	7.0	MW
201302160437	04 37 37.320	5.7785 125.7792 116400	6.2	MW
201302221201	12 01 58.670	-27.9052 -63.1349 585600	6.1	MW
201302281405	14 05 50.870	50.7866 157.4851 52800	6.8	MW
201303011253	12 53 53.930	50.9049 157.6005 58300	6.4	MW
201303011320	13 20 52.900	50.8322 157.6250 58000	6.5	MW
201303190329	03 29 02.700	-58.9815 -24.5697 52000	6.0	MW
201303252302	23 02 12.520	14.5905 -90.4772 193700	6.2	MW
201304051300	13 00 02.360	42.7359 131.0640 571300	6.3	MW
201304060442	04 42 36.190	-3.4714 138.4743 69400	7.0	MW
201304132249	22 49 49.200	-19.1030 169.6524 269300	6.0	MW
201304161044	10 44 19.030	27.9704 62.1360 63100	7.7	MW
201304190305	03 05 52.630	46.0722 150.9240 109000	7.2	MW
201304200451	04 51 12.270	-6.2786 130.2233 113900	6.0	MW
201304210322	03 22 16.920	29.9644 138.9741 431300	6.1	MW
201304260653	06 53 28.910	-28.7301 -178.8979 355400	6.2	MW
201305112046	20 46 57.260	-17.9392 -175.1186 210300	6.3	MW
201305140032	00 32 26.430	18.7672 145.2903 611700	6.8	MW
201305231719	17 19 04.840	-23.0783 -177.2133 177700	7.4	MW
201305232107	21 07 46.050	-20.6244 -175.7552 151600	6.3	MW
201305240544	05 44 49.880	54.8150 153.3912 607000	8.3	MW
201305241456	14 56 31.600	52.1357 151.5688 632000	6.7	MW
201306050447	04 47 27.260	-11.4032 166.3017 53600	6.0	MW
201306151120	11 20 37.660	-33.9023 179.4859 210000	6.0	MW
201307041715	17 15 57.680	-7.0042 155.7104 55200	6.0	MW
201307071835	18 35 31.380	-4.0134 153.9277 387100	7.3	MW
201307072030	20 30 07.380	-6.0360 149.7262 65900	6.6	MW
201307240332	03 32 34.430	-23.1593 -177.1534 168000	6.0	MW
201307260707	07 07 17.330	-15.3205 167.6206 141000	6.1	MW
201308120053	00 53 44.440	-7.1167 129.7914 104800	6.1	MW
201308120416	04 16 47.810	-30.6243 -179.6421 341400	6.2	MW
201308280254	02 54 41.470	-27.7888 179.7461 485100	6.2	MW
201309011152	11 52 32.120	-7.5393 128.2569 135200	6.5	MW
201309040018	00 18 24.450	29.9768 138.8376 414400	6.5	MW
201309061133	11 33 54.790	20.1862 122.3336 189400	6.0	MW
201309070013	00 13 29.910	14.6678 -92.0911 74100	6.4	MW
201309210139	01 39 15.480	-7.2679 119.9508 550100	6.1	MW
201310010338	03 38 21.390	53.1368 152.8959 578400	6.7	MW
201310061638	16 38 10.390	12.2738 141.7102 118400	6.0	MW
201310112124	21 24 59.360	-30.7290 -178.4264 152900	6.2	MW
201310120210	02 10 28.910	10.8358 -62.3025 82100	6.0	MW
201310161031	10 31 00.990	-6.4787 154.9648 58000	6.8	MW
201310230823	08 23 29.510	-22.9722 -177.0404 157700	6.0	MW
201311031103	11 03 40.460	4.6415 123.4000 556800	6.0	MW
201311120703	07 03 52.470	54.6769 162.1432 60500	6.5	MW
201311191332	13 32 53.410	2.7153 128.4474 56100	6.1	MW
201311191700	17 00 45.010	18.4629 145.1650 531100	6.0	MW
201311230748	07 48 32.020	-17.1613 -176.5188 370100	6.5	MW
201401011603	16 03 29.770	-13.8767 167.2723 194800	6.5	MW
201401250514	05 14 20.520	-8.0446 109.2225 87800	6.2	MW
201402010358	03 58 45.070	-56.9339 -27.3456 142900	6.2	MW
201402070840	08 40 13.500	-15.0764 167.4164 124600	6.5	MW
201402262113	21 13 40.450	53.5668 -171.9271 271200	6.1	MW
201403020937	09 37 54.760	12.5888 -87.7040 70400	6.2	MW
201403022011	20 11 22.570	27.4493 127.3140 117800	6.5	MW
201403050956	09 56 58.660	-14.8350 169.8319 648000	6.4	MW
201403101733	17 33 29.920	-5.5380 147.9420 269400	6.0	MW
201403131706	17 06 51.000	33.6222 131.8077 83400	6.3	MW
201403260329	03 29 36.050	-26.1642 179.2589 495600	6.4	MW
201403270349	03 49 44.480	-12.1378 166.6228 109700	6.0	MW
201404041140	11 40 33.190	-10.4868 161.5607 71000	6.0	MW
201404110707	07 07 22.810	-6.6064 155.0329 57800	7.1	MW
201404112029	20 29 13.610	11.7198 -86.0140 142300	6.6	MW
201405010636	06 36 36.820	-21.4381 170.3099 116400	6.6	MW
201405040915	09 15 52.240	-24.7338 179.0407 522800	6.6	MW
201405040925	09 25 15.290	-25.9072 178.2219 627300	6.4	MW
201405042018	20 18 25.010	34.8781 139.3660 161400	6.0	MW
201405091032	10 32 19.740	-18.9350 -175.5746 172300	6.0	MW
201406191017	10 17 58.030	-13.6006 166.8302 59600	6.2	MW
201406232053	20 53 09.930	51.7028 178.6428 102100	7.9	MW
201406232111	21 11 40.770	51.9569 178.4431 106400	6.0	mb
201406232130	21 30 47.050	51.9395 178.4084 109400	6.0	mb
201406232229	22 29 51.830	51.9553 178.5736 105900	6.0	mb
201406290556	05 56 32.860	24.4506 142.6581 59800	6.2	MW
201406301955	19 55 33.730	28.3894 138.8713 527500	6.2	MW
201407071123	11 23 54.780	14.7240 -92.4614 53000	6.9	MW
201407081256	12 56 25.920	-17.6864 168.3982 110200	6.2	Mwc
201407140800	08 00 02.100	5.7200 126.5100 50000	6.2	MW
201407191227	12 27 10.040	-15.8239 -174.4517 227300	6.3	Mwc
201407201832	18 32 47.790	44.6419 148.7838 61000	6.3	MW
201407211454	14 54 41.000	-19.8015 -178.4001 615400	6.9	MW
201407291046	10 46 13.600	17.8100 -95.5010 99000	6.4	MW
201408100343	03 43 18.150	41.1340 142.2790 50600	6.1	Mwc
201408242321	23 21 41.700	-14.5200 -73.5350 70000	6.8	MW
201409170614	06 14 46.220	13.8190 144.4725 142200	6.8	MW
201409241116	11 16 13.260	-23.7849 -66.5888 204500	6.2	MW
201409251751	17 51 17.940	61.9863 -151.9157 106900	6.3	MW
201411011857	18 57 22.380	-19.6903 -177.7587 434000	7.1	mww
201411070333	03 33 55.280	-5.9873 148.2315 53190	6.6	mww
201412020511	05 11 31.000	6.1572 123.1261 614000	6.6	mww
201412062205	22 05 10.730	-6.1100 130.4829 116000	6.0	mww
201412102103	21 03 39.260	25.5403 122.4503 256000	6.1	mww
201412302117	21 17 23.920	-20.3263 -178.5639 599280	6.0	mww
201501230347	03 47 27.050	-17.0309 168.5200 219960	6.8	mww
201501280243	02 43 19.350	-20.9665 -178.3032 484120	6.2	mww
201502021049	10 49 48.530	-32.7183 -67.1231 172000	6.3	mww
201502111857	18 57 22.460	-23.1125 -66.6880 223000	6.7	mww
201502271345	13 45 05.370	-7.2968 122.5348 552060	7.0	mww
201503102055	20 55 44.370	6.7757 -72.9875 155000	6.2	mww
201503230451	04 51 38.010	-18.3534 -69.1663 130000	6.4	mww
201504222257	22 57 15.650	-12.0390 166.4320 72000	6.2	mww
201504281639	16 39 39.190	-20.8865 -178.6329 581000	6.1	mww
201505050144	01 44 06.380	-5.4624 151.8751 55000	7.5	mww
201505152026	20 26 56.870	-2.5420 102.2191 151000	6.0	mww
201505200030	00 30 54.700	-19.3021 -175.5247 203000	6.0	mww
201505290700	07 00 09.000	56.5940 -156.4300 72600	6.7	ms
201505301123	11 23 02.110	27.8386 140.4931 664000	7.8	mww
201506101352	13 52 09.770	-22.4000 -68.4323 124000	6.0	mww
201506212128	21 28 16.270	-20.4307 -178.3276 562610	6.0	mww
201506231218	12 18 30.270	27.7375 139.7254 460000	6.5	mww
201507290235	02 35 59.000	59.8935 -153.1961 119300	6.3	ms
201508062359	23 59 46.290	-26.4576 -178.2511 269000	6.0	mww
201508240941	09 41 26.630	-30.6502 -178.7298 228000	6.0	mww
201509070846	08 46 09.050	-24.2427 179.1278 535000	6.0	mww
201509220713	07 13 00.000	-31.4400 -71.2600 58000	6.1	mwc
201509281528	15 28 05.000	-23.8000 -66.6000 219000	6.0	mwc
201510202152	21 52 02.560	-14.8595 167.3028 135000	7.1	mww
201510260909	09 09 42.560	36.5244 70.3676 231000	7.5	mww
201511210906	09 06 13.460	-7.1484 129.9375 82000	6.1	mww
201511241321	13 21 35.730	18.7787 145.2659 586880	6.0	mww
201511242245	22 45 38.880	-10.5372 -70.9437 606210	7.6	mww
201511242250	22 50 54.370	-10.0598 -71.0184 620560	7.6	mww
201511260545	05 45 18.400	-9.1825 -71.2574 602750	6.7	mww
201512171949	19 49 53.050	15.8009 -93.6294 85000	6.6	mww
201512251914	19 14 47.190	36.4935 71.1263 206000	6.3	mww
201601032305	23 05 22.000	24.8300 93.6600 55000	6.7	mwc
201601111708	17 08 03.920	44.4761 141.0867 238810	6.2	mww
201601140325	03 25 28.270	-19.7597 -63.3288 582560	6.1	mww
201601241030	10 30 29.560	59.6204 -153.3392 125600	7.1	mww
201601300325	03 25 10.750	54.0057 158.5128 163220	7.2	mww
201602011900	19 00 46.260	-30.7636 -179.9563 391000	6.2	mww
201604101028	10 28 58.720	36.4725 71.1311 212000	6.6	mww
201604131355	13 55 17.800	23.0944 94.8654 136000	6.9	Mww
201605270408	04 08 43.950	-20.8101 -178.6481 567480	6.4	mww
201605280538	05 38 50.550	-21.9724 -178.2038 405690	6.9	Mww
201605280946	09 46 59.780	-56.2409 -26.9353 78000	7.2	mww
201605310523	05 23 47.310	25.5615 122.5458 246400	6.4	mww
201606012256	22 56 00.800	-2.0967 100.6654 50000	6.6	Mww
201606051625	16 25 33.540	-4.5870 125.6264 429620	6.3	Mww
201606141349	13 49 22.630	-18.7609 168.8279 111000	6.2	mww
201606211712	17 12 07.370	-3.4199 151.8796 354000	6.3	mww
201607201513	15 13 16.520	-18.9285 169.0547 167000	6.1	mww
201607251726	17 26 50.220	-26.1049 -70.5074 72000	6.1	mww
201607292118	21 18 26.510	18.5439 145.5410 207620	7.7	mww
201608041415	14 15 13.090	-22.3087 -66.0261 270000	6.2	mww
201608041624	16 24 33.530	24.9447 142.0141 510000	6.3	mww
201608120329	03 29 32.850	-25.1679 -177.3437 114090	6.2	mwc
201608231939	19 39 44.660	-7.2805 122.4255 532400	6.0	mww
201608241034	10 34 54.580	20.9224 94.5687 82000	6.8	mww
201608310311	03 11 36.060	-3.6914 152.7879 499060	6.7	mwp
201609101008	10 08 20.020	-5.5730 -76.9536 121000	6.1	mww
201609232253	22 53 10.400	6.5717 126.4918 65000	6.3	mww
201609242107	21 07 15.790	-18.1706 -174.9840 202000	6.4	Mww
201609242128	21 28 41.700	-19.7819 -178.2443 596400	6.9	Mww
201610150803	08 03 38.140	-4.2701 150.3605 442000	6.3	Mww
201610190026	00 26 01.090	-4.8626 108.1627 614000	6.6	mww
201611041620	16 20 43.940	-35.1033 -70.9964 90790	6.4	mwp
201611202057	20 57 43.980	-31.6428 -68.7645 115790	6.4	Mwp
201612050113	01 13 04.880	-7.3158 123.3802 526000	6.3	Mww
201612101624	16 24 36.560	-5.6598 154.4882 157050	6.1	Mwp
201612171051	10 51 10.500	-4.5049 153.5216 94540	7.9	mww
201612181330	13 30 11.430	-9.9661 -70.9698 622530	6.4	Mww
201612210017	00 17 14.990	-7.5082 127.9206 152000	6.7	Mww
201612292230	22 30 19.300	-9.0279 118.6639 79000	6.3	Mww
201701021314	13 14 02.830	-23.2513 179.2383 551620	6.3	Mww
201701100613	06 13 47.250	4.4634 122.5750 612710	7.3	Mww
201701220430	04 30 22.990	-6.2145 155.1442 135000	7.9	mww
201702181210	12 10 17.970	-23.8613 -66.6592 222000	6.3	Mww
201702211409	14 09 04.320	-19.2814 -63.9047 595980	6.5	Mww
201702241728	17 28 44.870	-23.2601 -178.8033 414890	6.9	mww
201704150819	08 19 43.400	-23.2706 -67.7655 155000	6.2	Mww
201704181711	17 11 47.030	-18.0851 -178.3718 628000	6.0	Mww
201705091352	13 52 10.990	-14.5884 167.3767 169000	6.8	mww
201705200106	01 06 14.230	9.3849 123.9583 533000	6.0	Mww
201706140729	07 29 05.630	14.9823 -91.9882 94000	6.9	mww
201706172226	22 26 01.990	-24.0934 179.6059 511000	6.1	Mww
201706290703	07 03 12.020	-31.1060 179.9269 414610	6.0	Mww
201708110528	05 28 25.720	13.9987 120.6785 172000	6.2	Mww
201708190200	02 00 52.550	-17.9609 -178.8406 544000	6.4	Mww
201709071726	17 26 49.320	27.7829 139.8041 451000	6.1	Mww
201709080449	04 49 20.000	15.0356 -93.9067 56670	8.1	Mww
201709191814	18 14 38.430	18.5678 -98.4808 51000	7.1	Mww
201709202009	20 09 49.610	-18.7854 169.0946 197000	6.4	mww
201709260420	04 20 00.760	-23.7135 -176.9366 98070	6.4	mww
201710082234	22 34 33.960	52.4496 176.8078 111840	6.6	mww
201710100632	06 32 20.800	-18.5212 -69.6411 82430	6.3	Mww
201710241047	10 47 47.540	-7.2364 123.0401 549190	6.7	Mww
